H2	2	1	1	2.225		2.13		0.0		1+
H3	3	1	2	8.482		1.7591		0.0		1/2+
H4	4	1	3	5.575		0.0		0.0		2-
H5	5	1	4	2.740		0.0		0.0		?
H6	6	1	5	5.782		0.0		0.0		?
He3	3	2	1	7.718		1.9373		0.0		1/2+
He4	4	2	2	28.296		1.6758		1.57		0+
He5	5	2	3	27.406		0.0		0.0		3/2-
He6	6	2	4	29.269		0.0		2.48		0+
He7	7	2	5	28.824		0.0		0.0		3/2-
He8	8	2	6	31.408		0.0		2.52		0+
He9	9	2	7	30.259		0.0		0.0		?
He10	10	2	8	30.339		0.0		0.0		?
Li4	4	3	1	4.618		0.0		0.0		2-
Li5	5	3	2	26.331		0.0		0.0		3/2-
Li6	6	3	3	31.995		2.5521		2.32		1+
Li7	7	3	4	39.245		2.3952		2.33		3/2-
Li8	8	3	5	41.277		0.0		2.37		2+
Li9	9	3	6	45.341		0.0		2.32		3/2-
Li10	10	3	7	45.316		0.0		0.0		?
Li11	11	3	8	45.642		0.0		3.12		3/2-
Li12	12	3	9	44.413		0.0		0.0		?
Be6	6	4	2	26.924		0.0		0.0		0+
Be7	7	4	3	37.600		0.0		2.31		3/2-
Be8	8	4	4	56.500		0.0		0.0		0+
Be9	9	4	5	58.165		2.5180		2.38		3/2-
Be10	10	4	6	64.977		0.0		2.30		0+
Be11	11	4	7	65.481		0.0		2.73		1/2+
Be12	12	4	8	68.650		0.0		2.59		0+
Be13	13	4	9	68.139		0.0		0.0		?
Be14	14	4	10	69.987		0.0		2.94		0+
B7	7	5	2	24.720		0.0		0.0		3/2-
B8	8	5	3	37.738		0.0		2.38		2+
B9	9	5	4	56.314		0.0		0.0		3/2-
B10	10	5	5	64.751		2.4278		2.20		3+
B11	11	5	6	76.205		2.4059		2.09		3/2-
B12	12	5	7	79.575		0.0		2.39		1+
B13	13	5	8	85.453		0.0		2.46		3/2-
B14	14	5	9	85.423		0.0		2.44		2-
B15	15	5	10	88.191		0.0		2.59		?
B16	16	5	11	88.148		0.0		0.0		0-
B17	17	5	12	89.584		0.0		2.90		3/2-
B18	18	5	13	89.050		0.0		0.0		?
B19	19	5	14	90.079		0.0		3.11		?
C8	8	6	2	24.782		0.0		0.0		0+
C9	9	6	3	39.034		0.0		2.42		3/2-
C10     10      6	4	60.32		0.0		2.27		0+
C11	11	6	5	73.440		0.0		2.12		3/2-
C12	12	6	6	92.161		2.4704		2.31		0+
C13	13	6	7	97.108		2.4625		2.28		1/2-
C14	14	6	8	105.285		2.4978		2.30		0+
C15	15	6	9	106.503		0.0		2.40		1/2+
C16	16	6	10	110.753		0.0		2.70		0+
C17	17	6	11	111.482		0.0		2.72		?
C18	18	6	12	115.666		0.0		2.82		0+
C19	19	6	13	115.828		0.0		3.13		?
C20	20	6	14	119.172		0.0		2.98		0+
C21	21	6	15	118.844		0.0		0.0		?
C22	22	6	16	120.292		0.0		0.0		0+
N10	10	7	3	35.538		0.0		0.0		?
N11	11	7	4	58.347		0.0		0.0		?
N12	12	7	5	74.041		0.0		2.47		1+
N13	13	7	6	94.105		0.0		2.31		1/2-
N14	14	7	7	104.659		2.5519		2.47		1+
N15	15	7	8	115.492		2.6094		2.42		1/2-
N16	16	7	9	117.981		0.0		2.50		2-
N17	17	7	10	123.865		0.0		2.48		1/2-
N18	18	7	11	126.690		0.0		2.65		1-
N19	19	7	12	132.018		0.0		2.71		?
N20	20	7	13	134.183		0.0		2.81		?
N21	21	7	14	138.789		0.0		2.75		?
N22	22	7	15	140.012		0.0		3.07		?
N23	23	7	16	142.429		0.0		3.41		?
N24	24	7	17	141.195		0.0		0.0		?
O12	12	8	4	58.549		0.0		0.0		0+
O13	13	8	5	75.558		0.0		2.53		3/2-
O14	14	8	6	98.733		0.0		2.40		0+
O15	15	8	7	111.956		0.0		2.44		1/2-
O16	16	8	8	127.619		2.7061		2.54		0+
O17	17	8	9	131.763		2.6975		2.59		5/2+
O18	18	8	10	139.807		2.7603		2.61		0+
O19	19	8	11	143.763		0.0		2.68		5/2+
O20	20	8	12	151.371		0.0		2.69		0+
O21	21	8	13	155.177		0.0		2.71		?
O22	22	8	14	162.026		0.0		2.88		0+
O23	23	8	15	164.765		0.0		3.20		?
O24	24	8	16	168.478		0.0		3.19		0+
O25	25	8	17	168.381		0.0		0.0		?
O26	26	8	18	168.432		0.0		0.0		0+
F15	15	9	6	97.250		0.0		0.0		1/2+
F16	16	9	7	111.419		0.0		0.0		0-
F17	17	9	8	128.220		0.0		2.54		5/2+
F18	18	9	9	137.369		0.0		2.81		1+
F19	19	9	10	147.801		2.8976		2.61		1/2+
F20	20	9	11	154.402		0.0		2.79		2+
F21	21	9	12	162.504		0.0		2.71		5/2+
F22	22	9	13	167.734		0.0		2.79		4+
F23	23	9	14	175.269		0.0		3.03		?
F24	24	9	15	179.130		0.0		3.03		?
F25	25	9	16	183.480		0.0		3.12		?
F26	26	9	17	184.530		0.0		3.23		?
F27	27	9	18	185.800		0.0		0.0		?
F28	28	9	19	185.700		0.0		0.0		?
F29	29	9	20	186.700		0.0		0.0		?
Ne16	16	10	6	97.325		0.0		0.0		0+
Ne17	17	10	7	112.903		0.0		2.75		1/2-
Ne18    18	10	8	132.153		0.0		2.81		0+
Ne19	19	10	9	143.781		0.0		2.57		1/2+
Ne20	20	10	10	160.645		3.0046		2.87		0+
Ne21	21	10	11	167.406		2.9670		2.83		3/2+
Ne22	22	10	12	177.78		2.9544		0.0		0+
Ne23	23	10	13	182.970		0.0		2.76		5/2+
Ne24	24	10	14	191.85		0.0		2.79		0+
Ne25	25	10	15	196.018		0.0		2.82		?
Ne26	26	10	16	201.600		0.0		2.86		0+
Ne27	27	10	17	203.008		0.0		0.0		?
Ne28	28	10	18	206.894		0.0		2.92		0+
Ne29	29	10	19	208.200		0.0		2.99		?
Ne30	30	10	20	212.100		0.0		0.0		0+
Ne31	31	10	21	211.500		0.0		0.0		?
Ne32	32	10	22	213.300		0.0		0.0		0+
Na18	18	11	7	111.400		0.0		0.0		?
Na19	19	11	8	131.821		0.0		0.0		?
Na20	20	11	9	145.975		0.0		2.74		2+
Na21	21	11	10	163.076		0.0		2.75		3/2+
Na22	22	11	11	174.145		0.0		2.72		3+
Na23	23	11	12	186.57		2.9935		2.83		3/2+
Na24	24	11	13	193.52		0.0		0.0		4+
Na25	25	11	14	202.534		0.0		2.88		5/2+
Na26	26	11	15	208.150		0.0		2.92		3+
Na27	27	11	16	214.90		0.0		2.95		5/2+
Na28	28	11	17	218.420		0.0		3.01		1+
Na29	29	11	18	222.840		0.0		3.03		3/2
Na30	30	11	19	224.940		0.0		3.10		2+
Na31	31	11	20	228.941		0.0		3.16		3/2+
Na32	32	11	21	231.400		0.0		3.22		?
Na33	33	11	22	232.200		0.0		0.0		?
Na34	34	11	23	233.300		0.0		0.0		?
Na35	35	11	24	232.700		0.0		0.0		?
Mg20	20	12	8	134.467		0.0		2.88		0+
Mg21	21	12	9	149.197		0.0		0.0		?
Mg22	22	12	10	168.58		0.0		2.89		0+
Mg23	23	12	11	181.72		0.0		2.96		3/2+
Mg24	24	12	12	198.257		3.0575		2.79		0+
Mg25	25	12	13	205.58		3.0269		0.0		5/2+
Mg26	26	12	14	216.68		2.9987		0.0		0+
Mg27	27	12	15	223.12		0.0		2.90		1/2+
Mg28	28	12	16	231.627		0.0		0.0		0+
Mg29	29	12	17	235.341		0.0		3.00		3/2+
Mg30	30	12	18	241.633		0.0		3.06		0+
Mg31	31	12	19	244.037		0.0		3.12		?
Mg32	32	12	20	249.689		0.0		3.12		0+
Mg33	33	12	21	251.761		0.0		0.0		?
Mg34	34	12	22	256.585		0.0		0.0		0+
Mg35	35	12	23	256.800		0.0		0.0		?
Mg36	36	12	24	260.300		0.0		0.0		0+
Mg37	37	12	25	260.200		0.0		0.0		?
Al21	21	13	8	133.200		0.0		0.0		?
Al22	22	13	9	149.220		0.0		0.0		?
Al23	23	13	10	168.703		0.0		0.0		?
Al24	24	13	11	183.60		0.0		0.0		4+
Al25	25	13	12	200.528		0.0		0.0		5/2+
Al26	26	13	13	211.894		0.0		0.0		5+
Al27	27	13	14	224.952		3.0527		0.0		5/2+
Al28	28	13	15	232.676		0.0		0.0		3+
Al29	29	13	16	242.113		0.0		0.0		5/2+
Al30	30	13	17	247.841		0.0		0.0		3+
Al31	31	13	18	254.995		0.0		0.0		?
Al32	32	13	19	259.170		0.0		0.0		1+
Al33	33	13	20	264.687		0.0		0.0		?
Al34	34	13	21	267.120		0.0		0.0		?
Al35	35	13	22	272.380		0.0		0.0		?
Al36	36	13	23	274.500		0.0		0.0		?
Al37	37	13	24	278.900		0.0		0.0		?
Al38	38	13	25	280.800		0.0		0.0		?
Al39	39	13	26	284.200		0.0		0.0		?
Si22	22	14	8	134.450		0.0		0.0		0+
Si23	23	14	9	150.920		0.0		0.0		?
Si24	24	14	10	172.00		0.0		0.0		0+
Si25	25	14	11	187.004		0.0		0.0		5/2+
Si26	26	14	12	206.046		0.0		0.0		0+
Si27	27	14	13	219.36		0.0		0.0		5/2+
Si28	28	14	14	236.536		3.1234		0.0		0+
Si29	29	14	15	245.02		3.1131		0.0		1/2+
Si30	30	14	16	255.63		3.1595		0.0		0+
Si31	31	14	17	262.207		0.0		0.0		3/2+
Si32	32	14	18	271.410		0.0		0.0		0+
Si33	33	14	19	275.892		0.0		0.0		?
Si34	34	14	20	283.428		0.0		0.0		0+
Si35	35	14	21	285.903		0.0		0.0		?
Si36	36	14	22	292.015		0.0		0.0		0+
Si37	37	14	23	294.210		0.0		0.0		?
Si38	38	14	24	299.501		0.0		0.0		0+
Si39	39	14	25	301.686		0.0		0.0		?
Si40	40	14	26	306.500		0.0		0.0		0+
Si41	41	14	27	308.100		0.0		0.0		?
Si42	42	14	28	313.000		0.0		0.0		0+
P27	27	15	12	206.94		0.0		0.0		1/2+
P31	31	15	16	262.92		3.1893		0.0		1/2+
P35	35	15	20	295.618		0.0		0.0		1/2+
S29	29	16	13	224.709		0.0		0.0		5/2+
S30	30	16	14	243.684		0.0		0.0		0+
S31	31	16	15	256.738		0.0		0.0		1/2+
S32	32	16	16	271.783		3.2522		0.0		0+
S33	33	16	17	280.422		0.0		0.0		3/2+
S34	34	16	18	291.85		3.2848		0.0		0+
S35	35	16	19	298.825		0.0		0.0		3/2+
S36	36	16	20	308.72		3.2984		0.0		0+
S37	37	16	21	313.017		0.0		0.0		7/2-
S38	38	16	22	321.053		0.0		0.0		0+
S39	39	16	23	325.425		0.0		0.0		?
S40	40	16	24	333.184		0.0		0.0		0+
S41	41	16	25	337.008		0.0		0.0		?
S42	42	16	26	343.719		0.0		0.0		0+
S43	43	16	27	347.031		0.0		0.0		?
S44	44	16	28	353.5		0.0		0.0		0+
Cl35	35	17	18	298.22		3.3652		0.0		3/2+
Cl36	36	17	19	306.789		0.0		0.0		2+
Cl37	37	17	20	317.11		3.3840		0.0		3/2+
Cl45	45	17	28	368.818		0.0		0.0		?
Ar36	36	18	18	306.72		3.3910		0.0		0+
Ar37	37	18	19	315.504		0.0		0.0		3/2+
Ar38	38	18	20	327.343		3.4035		0.0		0+
Ar39	39	18	21	333.941		0.0		0.0		7/2-
Ar40	40	18	22	343.82		3.4273		0.0		0+
Ar46	46	18	28	386.919		0.0		0.0		0+
K38	38	19	19	320.647		0.0		0.0		3+
K39	39	19	20	333.74		3.4350		0.0		3/2+
K40	40	19	21	341.52		0.0		0.0		4-
K41	41	19	22	351.618		3.4520		0.0		3/2+
K47	47	19	28	400.184	   	0.0		0.0		1/2+
Ca36	36	20	16	281.359		0.0		0.0		0+
Ca37	37	20	17	296.152		0.0		0.0		3/2+
Ca38	38	20	18	313.122		0.0		0.0		0+
Ca39	39	20	19	326.411		0.0		0.0		3/2+
Ca40	40	20	20	342.052		3.4766		0.0		0+
Ca41	41	20	21	350.414		0.0		0.0		7/2-
Ca42    42	20	22	361.895		3.5057		0.0		0+
Ca43    43	20	23	369.828		3.4928		0.0		7/2-
Ca44    44	20	24	380.96		3.5152		0.0		0+
Ca45	45	20	25	388.374		0.0		0.0		7/2-
Ca46	46	20	26	398.768		3.4921		0.0		0+
Ca47	47	20	27	406.044		0.0		0.0		7/2-
Ca48	48	20	28	416.00		3.4737		0.0		0+
Ca49	49	20	29	421.137		0.0		0.0		3/2-
Ca50	50	20	30	427.490		0.0		0.0		0+
Ca51	51	20	31	431.876		0.0		0.0		3/2-
Ca52	52	20	32	436.570		0.0		0.0		0+
Ca54	54	20	34	443.790		0.0		0.0		0+
Sc40	40	21	19	326.949		0.0		0.0		4-
Sc41	41	21	20	343.137		0.0		0.0		7/2-
Sc42	42	21	21	354.687		0.0		0.0		0+
Sc43	43	21	22	366.825		0.0		0.0		7/2-
Sc44	44	21	23	376.524		0.0		0.0		2+
Sc45	45	21	24	387.849		3.5460		0.0		7/2-
Sc46	46	21	25	396.610		0.0		0.0		4+
Sc47	47	21	26	407.254		0.0		0.0		7/2-
Sc48	48	21	27	415.486		0.0		0.0		6+
Sc49	49	21	28	425.617		0.0		0.0		7/2-
Sc50	50	21	29	431.674		0.0		0.0		5+
Ti41	41	22	19	329.426		0.0		0.0		3/2+
Ti42	42	22	20	346.904		0.0		0.0		0+
Ti43	43	22	21	359.175		0.0		0.0		7/2-
Ti44	44	22	22	375.474		0.0		0.0		0+
Ti45	45	22	23	385.004		0.0		0.0		7/2-
Ti46	46	22	24	398.194		3.6060		0.0		0+
Ti47	47	22	25	407.072		3.5960		0.0		5/2-
Ti48	48	22	26	418.698		3.5916		0.0		0+
Ti49	49	22	27	426.841		3.5740		0.0		7/2-
Ti50	50	22	28	437.780		3.5710		0.0		0+
V51	51	23	28	445.840		3.6000		0.0		7/2-
Cr50	50	24	26	435.004		3.6595		0.0		0+
Cr52	52	24	28	456.345		3.6452		0.0		0+
Cr53	53	24	29	464.284		3.6590		0.0		3/2-
Cr54	54	24	30	474.003		3.6854		0.0		0+
Mn53	53	25	28	462.904		3.7060		0.0		7/2-
Fe52	52	26	26	447.70		0.0		0.0		0+
Fe54	54	26	28	471.78		3.6929		0.0		0+
Fe56	56	26	30	492.254		3.7383		0.0		0+
Fe57	57	26	31	499.899		3.7540		0.0		1/2-
Fe58	58	26	32	509.96		3.7735		0.0		0+
Co55	55	27	28	476.822		0.0		0.0		7/2-
Co59	59	27	32	517.308		3.7883		0.0		7/2-
Ni48	48	28	20	348.93		0.0		0.0		?
Ni56	56	28	28	483.988		0.0		0.0		0+
Ni57	57	28	29	494.235		0.0		0.0		3/2-
Ni58	58	28	30	506.47		3.7745		0.0		0+
Ni59	59	28	31	515.453		0.0		0.0		3/2-
Ni60	60	28	32	526.86		3.8116		0.0		0+
Ni61	61	28	33	534.68		3.8211		0.0		3/2-
Ni62	62	28	34	545.28		3.8387		0.0		0+
Ni63	63	28	35	552.096		0.0		0.0		1/2-
Ni64	64	28	36	561.78		3.8584		0.0		0+
Ni65	65	28	37	567.87		0.0		0.0		5/2-
Ni66	66	28	38	576.85		0.0		0.0		0+
Ni67	67	28	39	582.63		0.0		0.0		1/2-
Ni68	68	28	40	590.44		0.0		0.0		0+
Ni69	69	28	41	595.50		0.0		0.0		?
